{
  "kappa": 0.9133574007220218,
  "accuracy": 0.9566787003610109,
  "precision": 1.0,
  "recall": 0.944954128440367,
  "f1_score": 0.9716981132075472,
  "true_positive_rate": 0.944954128440367,
  "true_negative_rate": 1.0,
  "false_positive_rate": 0.0,
  "false_negative_rate": 0.05504587155963303,
  "total_samples": 277,
  "true_positives": 206,
  "true_negatives": 59,
  "false_positives": 0,
  "false_negatives": 12,
  "actual_positives": 218,
  "actual_negatives": 59,
  "predicted_positives": 206,
  "predicted_negatives": 71
}